3.340000000000000191e-01
5.649999999999999467e-01
7.720000000000000195e-01
8.309999999999999609e-01
8.750000000000000000e-01
9.030000000000000249e-01
9.130000000000000338e-01
9.300000000000000488e-01
9.399999999999999467e-01
9.379999999999999449e-01
9.379999999999999449e-01
9.399999999999999467e-01
9.469999999999999529e-01
9.539999999999999591e-01
9.529999999999999583e-01
9.469999999999999529e-01
9.499999999999999556e-01
9.549999999999999600e-01
9.499999999999999556e-01
9.529999999999999583e-01
9.619999999999999662e-01
9.559999999999999609e-01
9.579999999999999627e-01
9.559999999999999609e-01
9.559999999999999609e-01
9.619999999999999662e-01
9.599999999999999645e-01
9.549999999999999600e-01
9.599999999999999645e-01
9.609999999999999654e-01
9.599999999999999645e-01
9.579999999999999627e-01
9.689999999999999725e-01
9.619999999999999662e-01
9.619999999999999662e-01
9.609999999999999654e-01
9.559999999999999609e-01
9.599999999999999645e-01
9.619999999999999662e-01
9.569999999999999618e-01
9.589999999999999636e-01
9.589999999999999636e-01
9.549999999999999600e-01
9.579999999999999627e-01
9.559999999999999609e-01
9.579999999999999627e-01
9.609999999999999654e-01
9.609999999999999654e-01
9.569999999999999618e-01
9.559999999999999609e-01
9.489999999999999547e-01
9.599999999999999645e-01
9.569999999999999618e-01
9.609999999999999654e-01
9.559999999999999609e-01
9.609999999999999654e-01
9.579999999999999627e-01
9.579999999999999627e-01
9.559999999999999609e-01
9.549999999999999600e-01
9.539999999999999591e-01
9.499999999999999556e-01
9.519999999999999574e-01
9.509999999999999565e-01
9.579999999999999627e-01
9.559999999999999609e-01
9.589999999999999636e-01
9.559999999999999609e-01
9.509999999999999565e-01
9.539999999999999591e-01
9.559999999999999609e-01
9.559999999999999609e-01
9.519999999999999574e-01
9.529999999999999583e-01
9.559999999999999609e-01
9.519999999999999574e-01
9.499999999999999556e-01
9.599999999999999645e-01
9.579999999999999627e-01
9.559999999999999609e-01
9.479999999999999538e-01
9.559999999999999609e-01
9.589999999999999636e-01
9.509999999999999565e-01
9.639999999999999680e-01
9.529999999999999583e-01
9.559999999999999609e-01
9.489999999999999547e-01
9.449999999999999512e-01
9.499999999999999556e-01
9.539999999999999591e-01
9.559999999999999609e-01
9.469999999999999529e-01
9.539999999999999591e-01
9.549999999999999600e-01
9.439999999999999503e-01
9.559999999999999609e-01
9.499999999999999556e-01
9.469999999999999529e-01
9.579999999999999627e-01
9.499999999999999556e-01
9.429999999999999494e-01
9.449999999999999512e-01
9.599999999999999645e-01
9.509999999999999565e-01
9.499999999999999556e-01
9.559999999999999609e-01
9.549999999999999600e-01
9.459999999999999520e-01
9.539999999999999591e-01
9.559999999999999609e-01
9.519999999999999574e-01
9.499999999999999556e-01
9.469999999999999529e-01
9.579999999999999627e-01
9.549999999999999600e-01
9.499999999999999556e-01
9.519999999999999574e-01
9.449999999999999512e-01
9.459999999999999520e-01
9.459999999999999520e-01
9.469999999999999529e-01
9.449999999999999512e-01
9.499999999999999556e-01
9.479999999999999538e-01
9.459999999999999520e-01
9.489999999999999547e-01
9.499999999999999556e-01
9.489999999999999547e-01
9.469999999999999529e-01
9.449999999999999512e-01
9.549999999999999600e-01
9.459999999999999520e-01
9.489999999999999547e-01
9.439999999999999503e-01
9.419999999999999485e-01
9.479999999999999538e-01
9.409999999999999476e-01
9.479999999999999538e-01
9.429999999999999494e-01
9.459999999999999520e-01
9.479999999999999538e-01
9.499999999999999556e-01
9.439999999999999503e-01
9.379999999999999449e-01
9.509999999999999565e-01
9.409999999999999476e-01
9.499999999999999556e-01
9.509999999999999565e-01
9.519999999999999574e-01
9.499999999999999556e-01
9.429999999999999494e-01
9.419999999999999485e-01
9.459999999999999520e-01
9.469999999999999529e-01
9.459999999999999520e-01
9.370000000000000551e-01
9.360000000000000542e-01
9.379999999999999449e-01
9.330000000000000515e-01
9.379999999999999449e-01
9.469999999999999529e-01
9.340000000000000524e-01
9.419999999999999485e-01
9.429999999999999494e-01
9.399999999999999467e-01
9.449999999999999512e-01
9.330000000000000515e-01
9.409999999999999476e-01
9.409999999999999476e-01
9.449999999999999512e-01
9.340000000000000524e-01
9.389999999999999458e-01
9.539999999999999591e-01
9.469999999999999529e-01
9.350000000000000533e-01
9.350000000000000533e-01
9.399999999999999467e-01
9.469999999999999529e-01
9.449999999999999512e-01
9.379999999999999449e-01
9.489999999999999547e-01
9.509999999999999565e-01
9.399999999999999467e-01
9.409999999999999476e-01
9.350000000000000533e-01
9.429999999999999494e-01
9.449999999999999512e-01
9.489999999999999547e-01
9.389999999999999458e-01
9.439999999999999503e-01
9.399999999999999467e-01
9.379999999999999449e-01
9.260000000000000453e-01
9.429999999999999494e-01
9.379999999999999449e-01
9.370000000000000551e-01
9.399999999999999467e-01
9.320000000000000506e-01
9.350000000000000533e-01
